var Pa_1,Pda_0,Pdp_0,Pdv_0,Pvl;

initial loc1;

loc2 -> loc3 : 
  guard -Pda_0-200Pdp_0-20Pdv_0+2000>0 assign { Pa_1 := Pa_1; Pda_0 := 
Pa_1-1/20Pdp_0-1/20Pdv_0+5/2; Pdp_0 := 1/200Pda_0+Pdp_0+1/10Pdv_0; Pdv_0 := 
1/10Pda_0+Pdv_0; Pvl := 1/10Pa_1+Pvl;  }
;

loc1 -> loc2 : 
  guard true assign { Pa_1 := 0; Pda_0 := 0; Pdp_0 := 50; Pdv_0 := 0; Pvl := 
0;  }
;

loc2 -> loc2 : 
  guard Pda_0+200Pdp_0+20Pdv_0-2000>=0 assign { Pa_1 := Pa_1; Pda_0 := 
Pa_1-1/20Pdp_0-1/20Pdv_0+5/2; Pdp_0 := 1/200Pda_0+Pdp_0+1/10Pdv_0; Pdv_0 := 
1/10Pda_0+Pdv_0; Pvl := 1/10Pa_1+Pvl;  }
  jordansage
    matrix([[0,0,0,0,1.414213562373095?,0],[2,0,1.414213562373095?,0,0,0],[-38.95507212812698?,-7.980770386406508?,0.007173072387?,0,0,1.414213562373095?],[-0.9495206774872639?,8.872247838371126?,-0.1420992206356?,0,0,0],[0,0,0,0.1414213562373096?,0,0],[0,0,0,0,-0.5656854249492381?,0.02828427124746190?]])
    [(0.9976148201403561?-0.02228693629911545?*I,[1]),(0.9976148201403561?+0.02228693629911545?*I,[1]),(0.004770359719287723?,[1]),(1,[2,1])]
    matrix([[0.5045591534850860?,-0.002152224823302826?,-0.02522795767425430?,-0.02269306957876525?,0,1.261397883712715?],[0.04257025190352874?,0.01114354000539747?,-0.002128512595176437?,0.11079636723649009?,0,0.10642562975882184?],[-0.7135543978780967?,0.710150486720939?,0.03567771989390483?,0.03209284677016611?,0,-1.783885994695242?],[0,0,0,0,7.071067811865475?,0],[0.7071067811865475?,0,0,0,0,0],[14.14213562373095?,0,0,0,0,35.35533905932738?]])
    ;

